#bin	name	chrom	strand	txStart	txEnd	cdsStart	cdsEnd	exonCount	exonStarts	exonEnds	score	name2	cdsStartStat	cdsEndStat	exonFrames
904	NM_004599.4	chr22	+	41833104	41907305	41833270	41905660	19	41833104,41866830,41868610,41870888,41873797,41875336,41875542,41877228,41877941,41880715,41884841,41893116,41894819,41897051,41898648,41900329,41902969,41904862,41905439,	41833358,41867280,41868792,41871035,41874019,41875451,41875724,41877421,41878123,41880992,41885011,41893285,41894937,41897161,41898781,41900498,41903155,41904974,41907305,	0	SREBF2	cmpl	cmpl	0,1,1,0,0,0,1,0,1,0,1,0,1,2,1,2,0,0,1,
904	XM_011530347.2	chr22	+	41833104	41907308	41833270	41905660	17	41833104,41866830,41868610,41870888,41873797,41875336,41875542,41880715,41884841,41893116,41894819,41897051,41898648,41900329,41902969,41904862,41905439,	41833358,41867280,41868792,41871035,41874019,41875451,41875724,41880992,41885011,41893285,41894937,41897161,41898781,41900498,41903155,41904974,41907308,	0	SREBF2	cmpl	cmpl	0,1,1,0,0,0,1,0,1,0,1,2,1,2,0,0,1,
904	XR_001755278.2	chr22	+	41833104	41903023	41903023	41903023	18	41833104,41866830,41868610,41870888,41873797,41875336,41875542,41877228,41877941,41878658,41880715,41884841,41893116,41894819,41897051,41898648,41900329,41902969,	41833358,41867280,41868792,41871035,41874019,41875451,41875724,41877421,41878123,41878758,41880992,41885011,41893285,41894937,41897161,41898781,41900498,41903023,	0	SREBF2	none	none	-1,-1,-1,-1,-1,-1,-1,-1,-1,-1,-1,-1,-1,-1,-1,-1,-1,-1,
904	NR_103834.2	chr22	+	41833104	41907305	41907305	41907305	22	41833104,41866830,41868610,41870888,41873797,41875336,41875542,41877228,41877941,41878658,41880715,41884841,41893116,41894819,41897051,41898648,41899236,41900019,41900329,41902969,41904862,41905439,	41833358,41867280,41868792,41871035,41874019,41875451,41875724,41877421,41878123,41878758,41880992,41885011,41893285,41894937,41897161,41898781,41899553,41900122,41900498,41903155,41904974,41907305,	0	SREBF2	none	none	-1,-1,-1,-1,-1,-1,-1,-1,-1,-1,-1,-1,-1,-1,-1,-1,-1,-1,-1,-1,-1,-1,
904	XM_017028922.2	chr22	+	41833127	41886651	41833270	41886041	12	41833127,41866830,41868610,41870888,41873797,41875336,41875542,41877228,41877941,41880715,41884841,41885999,	41833358,41867280,41868792,41871035,41874019,41875451,41875724,41877421,41878123,41880992,41885011,41886651,	0	SREBF2	cmpl	cmpl	0,1,1,0,0,0,1,0,1,0,1,0,
904	XM_017028921.2	chr22	+	41833127	41900122	41833270	41899396	16	41833127,41866830,41868610,41870888,41873797,41875336,41875542,41877228,41877941,41880715,41884841,41893116,41894819,41897051,41898648,41899236,	41833358,41867280,41868792,41871035,41874019,41875451,41875724,41877421,41878123,41880992,41885011,41893285,41894937,41897161,41898781,41900122,	0	SREBF2	cmpl	cmpl	0,1,1,0,0,0,1,0,1,0,1,0,1,2,1,2,
904	XR_001755277.2	chr22	+	41833127	41886651	41886651	41886651	13	41833127,41866830,41868610,41870888,41873797,41875336,41875542,41877228,41877941,41880715,41884841,41885999,41886412,	41833358,41867280,41868792,41871035,41874019,41875451,41875724,41877421,41878123,41880992,41885011,41886308,41886651,	0	SREBF2	none	none	-1,-1,-1,-1,-1,-1,-1,-1,-1,-1,-1,-1,-1,
904	XR_001755276.2	chr22	+	41833127	41900120	41900120	41900120	17	41833127,41866830,41868610,41870888,41873797,41875336,41875542,41877228,41877941,41880715,41884841,41893116,41894819,41897051,41898648,41899236,41900019,	41833358,41867280,41868792,41871035,41874019,41875451,41875724,41877421,41878123,41880992,41885011,41893285,41894937,41897161,41898781,41899553,41900120,	0	SREBF2	none	none	-1,-1,-1,-1,-1,-1,-1,-1,-1,-1,-1,-1,-1,-1,-1,-1,-1,
904	XM_006724310.3	chr22	+	41833503	41907308	41866832	41905660	19	41833503,41866830,41868610,41870888,41873797,41875336,41875542,41877228,41877941,41880715,41884841,41893116,41894819,41897051,41898648,41900329,41902969,41904862,41905439,	41834027,41867280,41868792,41871035,41874019,41875451,41875724,41877421,41878123,41880992,41885011,41893285,41894937,41897161,41898781,41900498,41903155,41904974,41907308,	0	SREBF2	cmpl	cmpl	-1,0,1,0,0,0,1,0,1,0,1,0,1,2,1,2,0,0,1,
